0   An-22    350  1   0    AN22EX.3DZ    4  0  0  0  55  0   0   10  0  0  30
1   An-22    350  1   0    AN22EX.3DZ    4  0  2  0  56  0   0   10  0  0  30
2   An-26    300  1   0    AN26EX2.3DZ   4  0  2  0  55  0   0   10  0  0  30
3   An-26    300  1   0    AN26EX2.3DZ   4  0  2  0  56  0   0   10  0  0  30
4   Be-12    370  1   0    BE12E.3DZ     3  0  2  0  57  0   0   1   0  0  20
5   F-5      700  5   28   F5EX.3DZ      2  2  0  0  0   47  0   0   2  0  10
6   F-16     750  5   30   F16X.3DZ      3  2  1  0  49  47  0   4   2  0  10
7   F-16     750  5   30   F16X.3DZ      3  2  1  0  46  47  0   2   2  0  10
8   F-16     750  5   30   F16X.3DZ      3  2  1  0  28  47  0   2   2  0  10
9   G-4      550  3   0    G4GALEX2.3DZ  2  2  2  0  50  38  0   2   2  0  10
10  Il-38    375  1   0    il38e.3dz     4  0  2  0  57  0   0   1   0  0  20
11  J-22     500  2   0    J22ORAOX.3DZ  2  2  2  0  50  0   0   2   0  0  10
12  MiG-21   600  2   23   MIG21EX.3DZ   2  2  2  0  0   33  0   0   4  0  10
13  MiG-21   600  2   23   MIG21EX.3DZ   2  2  2  0  32  33  0   2   2  0  10
14  MiG-21   600  2   23   MIG21EX.3DZ   2  2  0  0  32  38  0   2   2  0  10
15  MiG-21   600  2   23   MIG21EX.3DZ   2  2  2  0  50  33  0   2   2  0  10
16  MiG-23   700  3   22   MIG23EX.3DZ   3  2  2  0  0   37  0   0   4  0  10
17  MiG-23   700  3   23   MIG23EX.3DZ   3  2  2  0  32  33  0   2   2  0  10
18  MiG-23   700  3   22   MIG23EX.3DZ   3  2  2  0  32  37  0   2   2  0  10
19  MiG-23   700  3   23   MIG23EX.3DZ   3  2  2  0  21  38  0   2   2  0  10
20  MiG-25   1050 2   25   MIG25EX.3DZ   3  0  2  1  0   0   0   0   0  0  10
21  MiG-25   900  3   25   MIG25EX.3DZ   3  2  2  0  0   35  0   0   4  0  10
22  MiG-25   900  3   25   MIG25EX.3DZ   3  2  2  0  34  38  0   2   2  0  10
23  MiG-27   700  3   0    MIG23EX.3DZ   3  2  2  0  51  38  0   4   2  0  10
24  MiG-27   700  3   0    MIG23EX.3DZ   3  2  2  0  24  38  0   2   2  0  10
25  MiG-27   700  3   0    MIG23EX.3DZ   3  2  2  0  50  38  0   2   2  0  10
26  MiG-29   750  5   24   MIG29X.3DZ    3  2  2  0  24  43  0   2   2  0  10
27  MiG-29   750  5   24   MIG29X.3DZ    3  2  2  0  40  43  0   4   2  0  10
28  MiG-29   750  5   24   MIG29X.3DZ    3  2  2  0  42  37  0   2   2  0  10
29  MiG-29   750  5   24   MIG29X.3DZ    3  2  2  0  42  38  0   2   2  0  10
30  MiG-29   750  5   24   MIG29X.3DZ    3  2  2  0  36  38  0   2   2  0  10
31  MiG-29   750  5   24   MIG29X.3DZ    3  2  2  0  44  43  0   2   2  0  10
32  MiG-31   800  4   20   MIG25EX.3DZ   3  2  2  0  39  40  0   4   2  0  10
33  MiG-31   800  4   20   MIG25EX.3DZ   3  2  2  0  39  42  0   4   2  0  10
34  MiG-31   800  4   20   MIG25EX.3DZ   3  2  2  0  44  42  0   4   2  0  10
35  F-1      700  4   19   MIRAGEX.3DZ   3  2  2  0  36  38  0   2   2  0  10
36  F-1      700  4   19   MIRAGEX.3DZ   3  2  2  0  25  38  0   1   2  0  10
37  Su-17    650  2   26   SU22X.3DZ     3  2  2  0  36  38  0   2   2  0  10
38  Su-17    650  2   26   SU22X.3DZ     3  2  2  0  23  38  0   2   2  0  10
39  Su-17    650  2   26   SU22X.3DZ     3  2  2  0  50  38  0   2   2  0  10
40  Su-22    650  2   0    SU22X.3DZ     3  2  2  0  22  33  0   2   2  0  10
41  Su-22    650  2   0    SU22X.3DZ     3  2  2  0  33  0   0   4   0  0  10
42  Su-22    650  2   0    SU22X.3DZ     3  2  2  0  21  38  0   2   2  0  10
43  Su-22    650  2   0    SU22X.3DZ     3  2  2  0  50  0   0   6   0  0  10
44  Su-24    700  3   0    SU24EX.3DZ    4  2  2  1  51  37  0   10  2  0  10
45  Su-24    700  3   0    SU24EX.3DZ    4  2  2  1  50  0   0   22  0  0  10
46  Su-24    700  3   0    SU24EX.3DZ    4  2  2  1  22  37  0   4   2  0  10
47  Su-24    700  3   0    SU24EX.3DZ    4  2  2  1  23  37  0   4   2  0  10
48  Su-24    700  3   0    SU24EX.3DZ    4  2  2  1  24  37  0   4   2  0  10
49  Su-25    450  4   0    SU25X.3DZ     2  2  2  0  50  38  0   6   2  0  10
50  Su-25    450  4   0    SU25X.3DZ     2  2  2  0  51  38  0   6   2  0  10
51  Su-25    450  4   0    SU25X.3DZ     2  2  2  0  21  38  0   4   2  0  10
52  Su-25    450  4   0    SU25X.3DZ     2  2  2  0  22  38  0   4   2  0  10
53  Su-25    450  4   0    SU25X.3DZ     2  2  2  0  24  38  0   4   2  0  10
54  Su-27    700  5   18   SU27X4.3DZ    4  2  2  0  42  43  0   6   4  0  10
55  Su-27    700  5   18   SU27X4.3DZ    4  2  2  0  44  43  0   4   4  0  10
56  Su-27    700  5   18   SU27X4.3DZ    4  2  2  0  50  0   0   8   0  0  10
57  Tu-16A   550  1   0    TU16BADX.3DZ  5  3  2  1  50  0   0   20  0  0  20
58  Tu-16D   500  1   0    TU16BADX.3DZ  5  3  2  1  0   0   0   0   0  0  20
59  Tu-16G   500  1   0    TU16BADX.3DZ  5  3  2  1  19  0   0   2   0  0  20
60  Tu-16G   500  1   0    TU16BADX.3DZ  5  3  2  1  20  0   0   2   0  0  20
61  Tu-16H   500  1   0    TU16BADX.3DZ  5  3  2  2  0   0   0   0   0  0  20
62  Tu-16J   500  1   0    TU16BADX.3DZ  5  3  2  3  0   0   0   0   0  0  20
63  Tu-16L   500  1   0    TU16BADX.3DZ  5  3  2  3  0   0   0   0   0  0  20
64  Tu-22    500  1   0    TU22BLIX.3DZ  5  3  2  0  18  0   0   1   0  0  20
65  Tu-22    500  1   0    TU22BLIX.3DZ  5  3  2  0  19  0   0   1   0  0  20
66  Tu-22    500  1   0    TU22BLIX.3DZ  5  3  2  0  50  0   0   20  0  0  20
67  Tu-22M   650  2   0    TU22BLIX.3DZ  5  3  2  1  20  0   0   2   0  0  20
68  Tu-95D   500  1   0    TU95BEAX.3DZ  5  3  2  0  0   0   0   0   0  0  20
69  Tu-95G   500  1   0    TU95BEAX.3DZ  5  3  2  0  18  0   0   1   0  0  20
70  Tu-126   500  1   21   TU126MSX.3DZ  5  0  2  1  0   0   0   0   0  0  100
71  Tu-142   500  1   0    TU95BEAX.3DZ  5  3  2  0  57  0   0   1   0  0  10
72  Viggen   650  4   30   JA37VIGX.3DZ  3  2  0  0  0   47  0   0   4  0  10
73  Viggen   650  4   30   JA37VIGX.3DZ  3  2  0  0  45  47  0   2   2  0  10
74  Yak-38   500  3   0    YAK38EN.3DZ   3  2  2  0  50  38  0   4   2  0  10
75  Yak-38   500  3   0    YAK38EN.3DZ   3  2  2  0  23  38  0   4   2  0  10
76  Yak-38   500  3   0    YAK38EN.3DZ   3  2  2  0  0   38  0   0   4  0  10
77  A-6E     500  2   0    A6LIT03.3DZ   2  0  1  0  27  0   0   4   0  0  20
78  A-6E     500  2   0    A6LIT03.3DZ   2  0  1  0  50  0   0   10  0  0  20
79  A-6E     500  2   0    A6LIT03.3DZ   2  0  1  0  26  0   0   4   0  0  20
80  A-6E     500  2   0    A6LIT03.3DZ   2  0  1  0  31  0   0   4   0  0  20
81  A-7E     500  2   0    A7X4.3DZ      2  2  1  0  26  47  0   4   2  0  20
82  A-7E     500  2   0    A7X4.3DZ      2  2  1  0  50  47  0   8   2  0  20
83  A-7E     500  2   0    A7X4.3DZ      2  2  1  0  31  47  0   4   2  0  20
84  B-52     550  1   0    B52X.3DZ      5  3  1  2  30  0   0   12  0  0  20
85  B-52     550  1   0    B52X.3DZ      5  3  1  2  27  0   0   8   0  0  20
86  B-52     550  1   0    B52X.3DZ      5  3  1  2  50  0   0   50  0  0  20
87  C-130    350  1   0    HERCX.3DZ     5  0  1  0  56  0   0   5   0  0  30
88  E-2C     300  1   27   E2CHAWK3.3DZ  5  0  1  0  0   0   0   0   0  0  100
89  EA-6B    500  2   0    A6LIT03.3DZ	 2  0  1  3  0   0   0   0   0  0  30
90  F/A-18   660  4   31   F18X06.3DZ    3  2  1  0  46  47  0   2   4  0  10
91  F/A-18   660  4   31   F18X06.3DZ    3  2  1  0  27  47  0   2   2  0  10
92  F/A-18   660  4   31   F18X06.3DZ    3  2  1  0  50  47  0   2   2  0  10
93  F/A-18   660  4   31   F18X06.3DZ    3  2  1  0  49  47  0   2   4  0  10
94  F-111    650  3   0    F111X.3DZ     4  2  1  1  50  47  0   24  2  0  20
95  F-111    650  3   0    F111X.3DZ     4  2  1  1  52  47  0   4   2  0  20
96  GR.1     650  2   0    TORNADOX.3DZ  3  2  1  0  51  47  0   8   2  0  20
97  GR.1     650  2   0    TORNADOX.3DZ  3  2  1  0  29  47  0   2   2  0  20
98  KA-6     500  2   0    NONE          3  0  1  0  0   0   0   0   0  0  30
99  MK.3     700  2   32   TORNADOX.3DZ  3  2  1  0  45  47  0   2   2  0  10
100 Nimrod   500  1   0    NIMRODX.3DZ   4  0  1  0  57  0   0   1   0  0  30
101 P-3      500  1   0    P3CX2.3DZ     4  0  1  0  57  0   0   1   0  0  30
102 S-3      450  1   0    SA3X.3DZ      3  0  1  0  57  0   0   1   0  0  20
103 Ka-25    130  5   0    HORMONEX.3DZ  3  0  2  0  57  0   0   1   0  0  40
104 Ka-25    130  5   0    HORMONEX.3DZ  3  0  2  0  0   0   0   0   0  0  40
105 Ka-27    130  5   0    HELEXE.3DZ    3  0  2  0  57  0   0   1   0  0  40
106 Ka-27    130  5   0    HELEXE.3DZ    3  0  2  0  0   0   0   0   0  0  40
107 Mi-8     130  5   0    HIPEX.3DZ     3  0  2  0  55  0   0   1   0  0  40
108 Mi-8     130  5   0    HIPEX.3DZ     3  0  2  0  56  0   0   1   0  0  40
109 Mi-14    110  3   0    HAZEX.3DZ     3  0  2  0  55  0   0   1   0  0  40
110 Mi-24    150  5   0    HINDEX.3DZ    3  2  2  0  0   0   0   0   0  0  40
111 SH-2     140  5   0    SEAHAWKX.3DZ  3  0  1  0  57  0   0   1   0  0  40
112 SH-2     140  5   0    SEAHAWKX.3DZ  3  0  1  0  0   0   0   0   0  0  40
113 SH-3     140  5   0    SEASPRIX.3DZ  3  0  1  0  57  0   0   1   0  0  40
114 SH-3     140  5   0    SEASPRIX.3DZ  3  0  1  0  0   0   0   0   0  0  40
115 SH-60    150  5   0    SEAHAWKX.3DZ  3  0  1  0  57  0   0   1   0  0  40
116 CH-53    110  4   0    SEADRAGX.3DZ  3  0  1  0  55  0   0   1   0  0  40
117 CH-53    110  4   0    SEADRAGX.3DZ  3  0  1  0  56  0   0   1   0  0  40
118 Nimitz   30   1   33   AMERTS04.3DZ  0  2  1  3  14  0   0   4   0  0  60
119 KHawk    30   1   33   CALFF.3DZ     0  2  1  3  14  0   0   3   0  0  60
120 Forstal  30   1   33   AMERTS04.3DZ  0  2  1  3  14  0   0   3   0  0  60
121 CG       30   1   34   CALFF.3DZ     0  2  1  2  17  0   0   2   0  0  70
122 DDG      30   1   35   BURKE04.3DZ   0  2  1  1  16  0   0   2   0  0  70
123 FFG      30   1   36   PERRY03.3DZ   0  2  1  1  15  0   0   2   0  0  70
124 LST      20   1   0    NEWP02.3DZ    0  0  1  0  0   0   0   0   0  0  70
125 SovCV    30   1   37   KUZNET02.3DZ  0  2  2  3  13  2   0   4   8  0  70
126 SovCVH   30   1   38   KIEV03.3DZ    0  2  2  2  9   10  0   2   2  0  70
127 SovCGH   30   1   39   MOSKVA.3DZ    0  2  2  2  8   0   0   2   0  0  70
128 SovBCG   30   1   40   KIROV02.3DZ   0  2  2  3  11  10  0   2   2  0  70
129 SovCG    30   1   41   KUZNET02.3DZ  0  2  2  2  9   10  0   2   2  0  70
130 SovDDG   30   1   42   SLAVIA03.3DZ  0  2  2  2  12  0   0   2   0  0  70
131 SovFFG   30   1   43   UDALOY02.3DZ  0  2  2  1  10  0   0   0   0  0  70
132 SovFF    30   1   44   KONI03.3DZ   0  2  2  1  10  0   0   1   0  0  70
133 SovPTM   40   1   0    OSA1102.3DZ  0  2  2  0  0   0   0   0   0  0  70
134 SovLST   20   1   0    ROGOV0X.3DZ  0  2  2  0  0   0   0   0   0  0  70
135 SovAFS   20   1   0    CHIL02.3DZ   0  0  2  0  0   0   0   0   0  0  70
136 Raft     0    1   0    RAFT.3DZ	0  0  1  0  0   0   0   0   0  0  70
137 Raft     0    1   0    RAFT.3DZ	0  0  2  0  0   0   0   0   0  0  70
138 F-14     700  4   29   F14TEST.3DZ  3  2  1  0  48  47  46  4   2  2  10
139 F-14     700  4   29   F14TEST.3DZ  3  2  1  0  48  47  0   6   2  0  10
140 F-14     700  4   29   F14TEST.3DZ  3  2  1  0  48  47  46  2   4  1  10
141 F-14     700  4   29   F14TEST.3DZ  3  2  1  0  47  46  0   4   4  0  10
142 F-14     700  4   29   F14TEST.3DZ  3  2  1  0  46  47  0   6   2  0  10
143 AS4      1800 3   0    AS4.3DZ   	1  0  0  0  0   0    0  0   0   0  80
144 AS6      1800 3   0    AS4.3DZ   	1  0  0  0  0   0    0  0   0   0  80
145 F-14SPE  700  4   29   F14TEST.3DZ  3  2  1  0  48  47   0  4   2   0  10
146 AS5      550  2   0    AS4.3DZ   	1  0  0  0  0   0    0  0   0   0  80
147 AS7      400  3   0    AS4.3DZ   	1  0  0  0  0   0    0  0   0   0  80
148 AS9      600  2   0    AS4.3DZ   	1  0  0  0  0   0    0  0   0   0  80
149 AS10     600  2   0    AS4.3DZ   	1  0  0  0  0   0    0  0   0   0  80
150 AS12     800  2   0    AS4.3DZ   	1  0  0  0  0   0    0  0   0   0  80
151 Exocet   650  2   0    TOM.3DZ   	1  0  0  0  0   0    0  0   0   0  80
152 HARM     2000 2   0    TOM.3DZ   	1  0  0  0  0   0    0  0   0   0  80
153 Harpoon  600  2   0    HARPOON.3DZ  1  0  0  0  0   0    0  0   0   0  80
154 Penguin  500  3   0    TOM.3DZ   	1  0  0  0  0   0    0  0   0   0  80
155 SeaEagl  600  3   0    TOM.3DZ   	1  0  0  0  0   0    0  0   0   0  80
156 Tomahwk  600  2   0    TOM.3DZ  	1  0  0  0  0   0    0  0   0   0  80
157 GrndT    0    1   0    CHUTE.3DZ    0  0  0  0  0   0    0  0   0   0  90
158 DC-10    500  1   0    DC1004.3DZ   5  0  2  0  0   0    0  0   0   0  50
159 EC-130Q  350  1   0    HERCX.3DZ    4  0  1  0  0   0    0  0   0   0  30
160 EC-130H  350  1   0    HERCX.3DZ    4  0  1  0  0   0    0  0   0   0  30
161 F-4	     650  2   28   F401.3DZ     3  2  1  0  46  47   0  2   2   0  10
162 F-14T    700  4   29   F14TEST.3DZ  3  2  1  0  55  47   0  1   2   0  10
163 Walleye  600  2   0    AS4.3DZ	1  0  0  0  0   0    0  0   0   0  80
164 F-14MCC  700  4   29   F14TEST.3DZ  3  2  1  0  48  47   0  4   4   0  10

